a)	index	  0   1   2   3   4   5   6   7   8   9   10   11   12 
		--------------------------------------------------------
		|107|   |   |   |   |   |   |   |   |   |    |    |    |
		| 79|107|   |   |   |   |   |   |   |   |    |    |    |
		| 79|107|123|   |   |   |   |   |   |   |    |    |    |
		| 59| 79|123|107|   |   |   |   |   |   |    |    |    |
		| 38| 59|123|107| 79|   |   |   |   |   |    |    |    |
		| 38| 59| 62|107| 79|123|   |   |   |   |    |    |    |
		| 23| 59| 38|107| 79|123| 62|   |   |   |    |    |    |
		| 23| 47| 38| 59| 79|123| 62|107|   |   |    |    |    |
		| 08| 23| 38| 47| 79|123| 62|107| 59|   |    |    |    |
		| 08| 19| 38| 47| 23|123| 62|107| 59| 79|    |    |    |
		| 08| 19| 38| 47| 23|123| 62|107| 59| 79| 24 |    |    |
		| 08| 19|  8| 47| 23| 38| 62|107| 59| 79| 24 | 123|    |
		|  6| 19| 08| 47| 23|  8| 62|107| 59| 79| 24 | 123| 38 |
		--------------------------------------------------------
		
b) 	index 	  0   1   2   3   4   5   6   7   8   9   10  remarks
		----------------------------------------------
		| 54| 28| 39| 8 | 17| 20| 21| 5 | 2 | 15|  1 |
		|   | 28| 39| 8 | 17| 20| 21| 5 | 2 | 15|  1 |remove 54, look for new max
		|  1| 28| 39| 8 | 17| 20| 21| 5 | 2 | 15|    |last node in array becomes root
		| 39| 28|  1| 8 | 17| 20| 21| 5 | 2 | 15|    |swap root with largest child
		| 39| 28| 21| 8 | 17| 20|  1| 5 | 2 | 15|    |swap 1 with 21 to restore order
		----------------------------------------------   in the heap 
